2.4047223508358
1.9331756578228338
1.8152057826519012
1.794625574706966
1.7394618645958277
1.655109128013986
1.6581913506398436
1.5710281724689388
1.5760888950578098
1.5606077452500662
1.495364089322284
1.5132118870814641
1.4445192493310495
1.4447327979275437
1.4419742438101
1.37437877368927
1.406013561897919
1.362739863474507
1.3954382961796177
1.3262203360597293
1.3349020235122195
1.351100459450581
1.3111108351154488
1.3015901451570946
1.302866413195928
1.2996387378029202
1.3062752978555088
1.2436282017401286
1.2529172481608992
1.2321731262848157
1.244618467062958
1.2211351787050566
1.2154509701379916
1.2735222672161304
1.2627745403183832
1.2321385388374329
1.218710525056063
1.210509964871028
1.2116911479128085
1.2199268442952735
1.2236140691317046
1.21079693621948
1.2363290056586265
1.2133848321538012
1.1622824814139294
1.1431972398757935
1.1523125662523157
1.1295196678327477
1.122416710653225
1.1221442264423036