0.2408046687684212
0.37154723937450423
0.4241883734875405
0.4593194906631867
0.48388587742335987
0.5122767707843371
0.5221475363942923
0.5485251135459833
0.557429489950833
0.5641308880066909
0.5847521033832703
0.5893359239650982
0.6076324454643445
0.6114924297041638
0.6164913426038131
0.6326743869606712
0.6319697222017656
0.6410881049701815
0.6401108526684726
0.6531776146186772
0.658200995368532
0.6561695549571571
0.663643339482481
0.6690945541026312
0.6702590480530801
0.6724993111852945
0.6759428694354364
0.6839711144897508
0.6849586938442809
0.6893801736786278
0.6901747203354498
0.6947662859427967
0.6991511834793825
0.6907016831395426
0.6934500049592531
0.700454855758907
0.7046088959701846
0.7054282506730767
0.7094459984003952
0.7114754352105007
0.712609780705838
0.7087713683981492
0.7044312951451374
0.7130255159698937
0.7191563141021738
0.7210626395309375
0.7220570029541117
0.7300112473761339
0.728770985426322
0.731790955852238