0.2372850478980742
0.3750602102898191
0.4375438619274112
0.46795988605362765
0.4949612062655982
0.5194053943161907
0.5354561150902887
0.554842864124008
0.5771047437641985
0.5824728069248447
0.6049848841994085
0.6083133379348762
0.6129142373112655
0.6211006017652865
0.6369523077434122
0.6370942521225463
0.640024953905931
0.6495415621004672
0.6581922552111255
0.66116045643699
0.6622201623011552
0.6729136875797675
0.6740004685396392
0.6747784242825948
0.6793596431193889
0.6822301348019617
0.6874329412823021
0.693825474988694
0.6879725779012609
0.694020818145764
0.6963169714578884
0.7031227305350627
0.7043224608230796
0.7061967203719646
0.7053699203004801
0.7106864196643331
0.7133675737459045
0.7120462751780903
0.7143173933222816
0.7196430653295588
0.7175900707361856
0.7178621512613406
0.7204890921677483
0.7242993823955984
0.7269948467928944
0.724175600716039
0.7281127331607525
0.7328286150117949
0.7284330432010938
0.7336880318647597