2.4043353512638905
1.9143972416393091
1.7818013469378153
1.7714368977197787
1.7234449112226093
1.644063619233794
1.6096441368771415
1.580469432331267
1.505161464214325
1.5179576033451518
1.4263731015139614
1.444989102502023
1.438856041239154
1.4236943557010433
1.3616767704971438
1.3631358049749358
1.3842188388109207
1.3465637948553442
1.3197361771799938
1.3217470085518992
1.3053435115587144
1.2868455732164303
1.286261497437954
1.3059134166086874
1.2923486574751433
1.2867344679503605
1.249635446362379
1.2414638247245398
1.2818595807091528
1.2375845194848116
1.2435106822824853
1.1917691788673401
1.1942054613910873
1.2129053597450257
1.2221229366767101
1.1942457763616703
1.1854150529418672
1.1726255504811396
1.1942565436205588
1.1750787603549468
1.1752412328954602
1.2034142946633768
1.1789458555690313
1.170855125476574
1.1663561522960664
1.1787386382448262
1.1731487568627057
1.1654729067794676
1.1702847382253851
1.1576050259485966