2.3592426240444184
1.9440792473879727
1.80805502954973
1.7525347687000603
1.688813280314207
1.6372113707992766
1.5994691660237867
1.5585466490260191
1.4972777450196098
1.4837878536094318
1.440449361489198
1.4320686792468165
1.4491107794078621
1.3956372298266553
1.3588704596277814
1.3765045291158409
1.3415874568147397
1.3574831474710394
1.3251192910330636
1.2877826588098393
1.3138600241925036
1.2906647934216886
1.2776650523920672
1.2626211629794524
1.3172461504285986
1.3138436719635938
1.2698263280531938
1.2542945573496265
1.289587228528915
1.245574252790512
1.264898931450314
1.2115254974151406
1.2078023856488345
1.2153779212134836
1.2528338063594906
1.2241404600883727
1.227727742138363
1.2243477628989654
1.2345749899132612
1.1723974854447121
1.145556390285492
1.1474939783414204
1.1442207845824737
1.1405510598811033
1.1216706926122717
1.130561166556082
1.1349154139673987
1.1101676414455224
1.105104759675727
1.1253568417465631