0.24975838853258073
0.3721060026070629
0.43868432569098376
0.4704279269172968
0.4991137423928414
0.5222329726667945
0.5387520338272702
0.5605846494133523
0.5789553637120328
0.5915389675436782
0.6056080084868445
0.6155096035667029
0.6141364688041955
0.6263906327640493
0.6398468305752049
0.6384498268512433
0.6500198249072751
0.6513146474841996
0.6579606493011125
0.6676360184489657
0.6639099042221982
0.676777088264191
0.6782803077378785
0.6848511627660134
0.679694386141253
0.6825630909599685
0.6897773848048837
0.6934640453948059
0.6901253178505042
0.6989075500700347
0.6976287532881524
0.703902151473909
0.7060315083864075
0.709524528959388
0.7054953955221238
0.7107171186749409
0.7112500281796594
0.709550450048786
0.7115464081468432
0.7209850040055471
0.7268648380506707
0.7281467091163742
0.7302085343365937
0.7320777898469605
0.7356037863576343
0.7329065511388995
0.7340496548066183
0.7376454807200168
0.7366593562709187
0.7370246337833761