0.23680900197176674
0.37620388302548596
0.4378745577651183
0.46767347036215845
0.4960876386090311
0.5171109729262278
0.5339511490694369
0.5572639631467905
0.5750563976778135
0.5888508567346324
0.5951414632054082
0.6123343076048683
0.6129154364496554
0.6259535702684444
0.6392137565467435
0.6372677885904272
0.6454796879311057
0.6474372942885694
0.6572698427071995
0.6634061900731669
0.6632375176898024
0.6716678681096028
0.6757509420664687
0.6745603976474462
0.6777126189320101
0.6832579123546144
0.6884732383856
0.6922727150935514
0.688495181884833
0.6940909339891236
0.6953092999195876
0.7049171970543516
0.705396245626934
0.7044449704755255
0.7040187261748282
0.7083840666741644
0.7119194440774567
0.7118769757976893
0.7139184724693833
0.7179739956038534
0.7153750278001462
0.7141805590067495
0.7204974938119616
0.7226488183858882
0.7330233794604254
0.7303976654386483
0.7332052864651738
0.7367093903368889
0.7353557721831281
0.7383428819637363