2.4060466357919035
1.9136131835765526
1.7782656967639923
1.765099403334827
1.7086808284123738
1.650500616784823
1.6126914024353027
1.5645744649190751
1.5051142891933178
1.4821098055995878
1.4830507800496857
1.4335183626221073
1.441894055374207
1.3907428582509358
1.3569800340063203
1.377582050920502
1.3556237985690436
1.3687609272488093
1.3220924780148418
1.3099623184937697
1.3050259214545052
1.288527144873438
1.2775178591410319
1.3069948900130488
1.2950925152809893
1.2800522189715813
1.249233526912162
1.2530336843596563
1.275738827320708
1.240583795653887
1.2514747409370002
1.1943729286193847
1.1933245674289505
1.2199840292930604
1.223194032143324
1.2035648660226301
1.1992942382182394
1.1858582267018616
1.2012840893642962
1.1907431977426903
1.1897409509439938
1.2205963430442208
1.1904046823412686
1.1881899782295884
1.1285961891214054
1.1400489591318985
1.1387003339253938
1.1152907668090448
1.1138811771534691
1.1293791958263941