0.22735471503185348
0.3599843141158835
0.4185709252762979
0.46299332058528314
0.48319086084278245
0.5040833752142903
0.525798079188063
0.538425676232101
0.5592614936254974
0.5724522537464528
0.5837432703002523
0.5962305024250906
0.6060398584499933
0.6127135483265668
0.621689304238413
0.6365591499040062
0.640465339589779
0.6491143925752471
0.6502038310402188
0.6518038549147415
0.6573687458173748
0.6685243902480402
0.6628602387517003
0.6769581812432989
0.6721567115773547
0.6760203173500418
0.6862305384124133
0.6842665915848944
0.6854700131740041
0.6956247872588672
0.6966364717746616
0.6916327185744238
0.6959021948607427
0.7001217619759225
0.7007174775019501
0.7022376182934053
0.7153767989434959
0.7232643939098501
0.7182511287604172
0.7259924013113295
0.723408638837292
0.7255630942272807
0.7256353133995266
0.7292501148423226
0.7349154500264234
0.7315322629046668
0.7351918468000289
0.7375918159807533
0.7380581825488919
0.7369322854641036