2.419384543310132
1.9596712188720704
1.8779317712783814
1.7805211106936136
1.7279889593521753
1.6886585888109709
1.640737533569336
1.6508392124879556
1.5680412704294378
1.54849220041571
1.5249829373807988
1.476263403892517
1.448152538073265
1.4380236825635355
1.4080741658049114
1.3760672949128232
1.3706061158861433
1.3302346742342388
1.3494661854846137
1.3633512809496968
1.3393233045329893
1.2993055337765178
1.3418371309836705
1.2711248788158451
1.2968108228972701
1.314610034486522
1.2472336527680148
1.260248411655426
1.2791736618546414
1.2237274231910706
1.2312880597882352
1.252847060179099
1.250127275288105
1.2456388095530069
1.2434881003964848
1.240179401103074
1.1549768060700507
1.1215429769030638
1.1497431973941992
1.1189244599903332
1.128587220945666
1.1260014313166258
1.1198704147539218
1.1077867013923193
1.0963684152965703
1.096970237852112
1.095339909953586
1.0838741121292115
1.085214424231821
1.090206439755544