2.358024574113342
1.888370700932424
1.8166326760176585
1.7384824769137657
1.6969067697171811
1.6504900765745607
1.6131029053167862
1.5867273648944469
1.582253138406561
1.5539939791784374
1.5058049989176225
1.4872463721412796
1.4352103997843926
1.4689544857872856
1.4438380343573434
1.3748852189197096
1.3872835045611416
1.3781112547314496
1.3253731831498103
1.3609917653056811
1.3302388329397548
1.3170605908840074
1.2944949126243592
1.311070147226023
1.2855306782632927
1.3023175386821522
1.3062786005119578
1.2525672629681601
1.2636520749962274
1.2599403916133776
1.2562544877540338
1.244782526832108
1.2883212878196328
1.2689098312096163
1.2485439348443645
1.260059516651686
1.2349604640138863
1.252075607853907
1.25895296377986
1.238397163845772
1.2163352159566658
1.222017344070657
1.2321376593576536
1.231473790304693
1.2555474786631828
1.2334215899216965
1.2249292462102828
1.1857080539250704
1.185175428107449
1.1809198388429445