0.2517191437494061
0.38267791293422093
0.4321233275048431
0.469452257911316
0.4939866160526582
0.517761499374187
0.5361154649415645
0.5484439532121055
0.5616049543412363
0.5704148540557645
0.5880557369401199
0.5963478658200781
0.6083889410769839
0.6140220836643362
0.6203601159159552
0.6341735937016668
0.631952505529283
0.6400684257293434
0.652583265519748
0.6516108197887872
0.6597394617621004
0.6633726929823286
0.6656010443168249
0.6701690180709098
0.6749430790366814
0.6756785628539581
0.6756137500315712
0.6879461202471233
0.6881727551050552
0.686844356176119
0.6869124897449397
0.6958131092526358
0.6898655491871764
0.6955864923090851
0.7006476837756683
0.6998863689084778
0.7076992813595022
0.7031757700108054
0.7034950480270412
0.7066128642196751
0.712186055801111
0.7144572898773716
0.7103392412043387
0.7127464844463517
0.7148945235678451
0.7137721184627146
0.7148012056981896
0.7250828245875011
0.7244181597464026
0.7226764285497786