2.3558414536609984
1.8884410560131073
1.8222052688598633
1.7318728915916002
1.7284283435950845
1.6679997720009039
1.6531390537981128
1.567702759305636
1.5992602159579594
1.5677699307600657
1.509258456768528
1.5304748127537389
1.4368659942046456
1.4353699515185019
1.4634975715845573
1.367456501365727
1.421495408324872
1.3633895695209504
1.3300401051839192
1.382365111719098
1.3160646890030532
1.316909122467041
1.3080468534484624
1.3143159609574537
1.2728482899458513
1.2966308283612011
1.3026654836350837
1.2538726550190389
1.2592590611521937
1.243077604447381
1.2477900753850522
1.227870494623979
1.2648598031472351
1.242874903757064
1.23328494409035
1.2365329897301829
1.2022227048873901
1.2180568212169711
1.2230528368949891
1.1980865108661163
1.1740451180017912
1.1865200934410096
1.188413222462444
1.18650755891955
1.2060541226528585
1.1888809449532454
1.1750616601535253
1.1311337436948503
1.1194117665290833
1.1237057853361656