0.24924091049296396
0.38187640068358036
0.43218504594868495
0.4692336362187292
0.48961086355051103
0.5142663783281369
0.5280687854540339
0.549406765697303
0.554671297410821
0.5671691254216527
0.5849159795722679
0.587211865590591
0.605294933360996
0.616700622448775
0.6149349901360642
0.6322105555829103
0.6245206654094516
0.6427486978544934
0.6512696554534513
0.6459893358560698
0.6598652851121092
0.6607820763301561
0.6627122035453439
0.6673968006337689
0.6764773249528618
0.6739226874684854
0.6719060829962396
0.6867076314611377
0.6861058513983811
0.6878732522043143
0.6881511897156019
0.6968815142974397
0.6913182355086926
0.694158791854457
0.6991149186838834
0.6981586491568356
0.7070727841560671
0.7032336871250275
0.7069666423169444
0.7091925732331098
0.7150187526668632
0.7156023511141403
0.7155526543853535
0.7169589572970694
0.7183909428092085
0.7171980439154707
0.7181653043463415
0.7293938088404022
0.731616868765453
0.7311712510197131