0.2464745031076603
0.3863672789511699
0.43644386428983006
0.467315994504226
0.4939902769763892
0.5129719019740896
0.5265092986409852
0.5415641087719731
0.5495850751350276
0.5696138216537093
0.5851836507659287
0.5890207010729498
0.6027844885021356
0.6067371417280208
0.613820926428918
0.6277614485959092
0.6288922670487833
0.6339507068407931
0.6448355079721104
0.6452096299666288
0.6601734385963928
0.6625736404051338
0.6632982594958541
0.663634966421235
0.6697978505020602
0.6681493205177867
0.6806272498570574
0.6789691875562246
0.6835790028100005
0.6833167598747746
0.690754444908636
0.6923732648466403
0.6884441754198857
0.6967039070326081
0.7001712711004907
0.7016692743226022
0.700073139576905
0.6981497288667279
0.7083879056236123
0.7053992480783717
0.7107752156518915
0.7111094140773782
0.7097832720158302
0.7157000359469926
0.7162659190084378
0.7182099845106487
0.7078157536023963
0.7175425314147724
0.7185143406712482
0.7178938353501104