2.385182808085186
1.890984141526102
1.8262208847872978
1.7531950144263786
1.6794507743931617
1.6914408357203508
1.6520253813785055
1.5932775321214094
1.6021596567105438
1.568390269028513
1.5067958450708232
1.5073416944473021
1.483137015569008
1.495861057577462
1.4450811952110227
1.4027630307457664
1.4043701359656005
1.3961243043343226
1.3616755209049256
1.363647500038147
1.2875113870786583
1.3133134151498476
1.3217989524205527
1.3266381853717868
1.293049372235934
1.3308520275970985
1.2860731224892503
1.3073766388893127
1.285519360477089
1.3071031903816481
1.2721775627543783
1.2753442194726732
1.285941934181472
1.2588474740501212
1.2507218687962263
1.2395408248701016
1.2500078407656245
1.2790048801508107
1.2304285163680713
1.2555281202639303
1.2319414595077778
1.2430836805852794
1.2533058338477963
1.2242727544572618
1.2155017053087553
1.2167940435289335
1.2684769829114277
1.2041978020953317
1.2067796559103074
1.2147143778800964