0.2463857479650647
0.38690944749458994
0.43440526665650236
0.46549927811858977
0.49147255362544084
0.5069409756714638
0.5329530225483357
0.545509189057342
0.5483136318172901
0.571681818616268
0.585004890287938
0.5903384186820916
0.600056103726543
0.6075165786331337
0.6160603882975341
0.6279051982946053
0.6305687674198555
0.6364558854079045
0.6440528246875409
0.6453379395650911
0.6612967407054222
0.6623473813503487
0.6667314195120475
0.6623829642947313
0.6711459835332227
0.671447262162555
0.6820180714742942
0.6791808706280064
0.6824277261915469
0.6865073131520878
0.6940081622328308
0.6909538954104459
0.6907716903183554
0.6966063232103914
0.7043240043913072
0.7031209582814315
0.6978856919428532
0.6997058228204391
0.7106234830258827
0.7081328590967378
0.7131591121005776
0.7122514315618605
0.7108003871848866
0.7152826579247032
0.7182246719638159
0.7183465212674404
0.71100072112585
0.7210939161657771
0.7222040989258323
0.7196954163020527