2.3856496151869857
1.8760806251974667
1.820760352421651
1.7758858795088481
1.6931613503383989
1.7271718437932118
1.6174243730047475
1.5895788057990696
1.6116664540969718
1.5547462241691457
1.5043648960160427
1.4990576515274663
1.499001439345085
1.496656128044786
1.4353488422021634
1.4000011386950153
1.3983667540339242
1.3977886229753493
1.367250107917465
1.361432858467102
1.2822141388188237
1.313570143779119
1.3063882013161978
1.336043086092351
1.2886615127325058
1.3093362861666187
1.2788004915593034
1.3018395404815675
1.2844580534176948
1.2912512775194847
1.2611859496842084
1.2720806925069719
1.274152523380215
1.2707135471977105
1.2159739406699808
1.2361664807095247
1.2631973358763366
1.2626589658807537
1.2129208092888197
1.2390783039792892
1.2145818718548478
1.232839108018552
1.2347846930144264
1.212941461139255
1.2010189950466157
1.2008755372351958
1.2475715458877688
1.1900296735967326
1.1921802249646956
1.2015269813537597