2.362180625723901
1.919517071279761
1.7985519758642536
1.7676519166389013
1.6557387002309163
1.634613554598549
1.6503109094708466
1.5774225435166989
1.5211415523832494
1.5089751337849817
1.532480286895682
1.4563439692612048
1.4128616005182266
1.4197401349697638
1.4053355531954983
1.3778174825840526
1.3631093404560446
1.3945834721060104
1.3401832488029515
1.3103848166554888
1.3264820351157078
1.3234985090723825
1.3214383968559829
1.3113456654109164
1.312796161073079
1.2804684838570586
1.2857445921446826
1.304514169966409
1.2841033081675686
1.268793099148329
1.282755252177065
1.2643459205213747
1.2874172235644141
1.2524464061093885
1.25875234802564
1.2541542207652872
1.2687235522914577
1.266910966201748
1.256583250589199
1.2355604289888262
1.2526695269593446
1.2260347843170165
1.2286867155155665
1.2384003746894099
1.2430502615766041
1.25095633134036
1.228624548879974
1.2249559103895764
1.2392536037044437
1.2424432821052018