0.2521942759275743
0.37778631616231406
0.44095625952163947
0.46966328763558046
0.5036472956056907
0.5242231908957412
0.5334989216581686
0.5533675793620099
0.5727174788075459
0.5839467929200481
0.5848969116365696
0.6016459258488192
0.6149516502401116
0.6220912418822264
0.6284602880099589
0.6345539384429221
0.6422202664538158
0.6406021394451007
0.6556069238773031
0.6585721153710812
0.6607451550172859
0.6650354329969358
0.6673048425570633
0.6702101737932964
0.6756298120277323
0.6797521355610168
0.6800724706140758
0.6855654663026156
0.6857604098416309
0.6908447378286245
0.6921321780834143
0.69855744423472
0.6952621823879844
0.6983725758237269
0.7003159459515265
0.7039663443919444
0.7051936044351298
0.7010011984973653
0.7086279543955784
0.7121524747970993
0.7070658301969415
0.7143797894909734
0.7146781609988849
0.7164220278253519
0.7131408466014585
0.718072421728172
0.7163538610801953
0.7190181855663453
0.720173102123029
0.7188170906987982