2.381588587933536
1.8889834084269088
1.808116920751418
1.779905744807213
1.6757005376200522
1.7044029147943593
1.642001746406018
1.5916221460825961
1.577761180974819
1.527419185301043
1.4986647822640158
1.4891997269681982
1.4825191928280725
1.5008803734155458
1.4358586714817927
1.3981241575659138
1.3864682966498967
1.3782257339276305
1.373121974380335
1.367709695491021
1.2818028744957257
1.3265923365540462
1.3084531554935175
1.331059823985453
1.3190603997182409
1.3292649817243916
1.2952830236819055
1.2221396236676272
1.1964287652525791
1.2054287918187954
1.1951486681782921
1.2124160618654318
1.1926598554408108
1.1907659466914866
1.1830351183580798
1.1723871022325507
1.1828872924026805
1.1665113281119954
1.1355091286908596
1.1584545427614503
1.1316221910659399
1.1330745438182797
1.1394354728135196
1.1300264139508092
1.1223819890153517
1.1149752227941416
1.1205930785356064
1.096486099099004
1.1157547608689145
1.1083430778819885