0.2487315158977476
0.3862015181035927
0.44033444164626007
0.4681435967758476
0.49268729322287264
0.513745824037514
0.5306698193541224
0.5456847108588668
0.5560397589255046
0.5757496675080949
0.5871821583290874
0.5947732125244845
0.603498079853311
0.6092638613715456
0.6184031517345132
0.6279525400436033
0.6353889431109736
0.6427387230944869
0.6447954914859918
0.648559759686664
0.6638993987082623
0.6636227443160654
0.6700996928848613
0.6659901187216763
0.6711640620718453
0.6722663561696646
0.6829864762305772
0.6951950373924892
0.6994341042870651
0.7003757560633572
0.7044743525727124
0.7000771186604259
0.7026293930377264
0.7055597637824981
0.7087976630663703
0.706888130839594
0.7107508276269024
0.7123757684488998
0.7186786957169268
0.7163741309755739
0.7228468389248269
0.7246209173237922
0.7204283164410059
0.7239512694227247
0.7241617687112407
0.7271200507388712
0.7255233130592548
0.7299981323724603
0.7292170287829668
0.7292895961286953