0.24854546958155121
0.3739470650930049
0.4430489036297407
0.468146738790449
0.4969270540384241
0.5286096610405221
0.5311971649779826
0.5471504971393812
0.5682027185900577
0.5702301875381325
0.5832034753386065
0.5973048690674828
0.6113214310099689
0.6204001334704762
0.6222197758308229
0.6319347944230447
0.6352049210222915
0.6365568681762005
0.653174722500133
0.6496669889061091
0.6610836071701589
0.6596888321195683
0.663122285277184
0.665642341631335
0.6713324075237462
0.6784721719891696
0.6764260890247621
0.6850032846650239
0.6828621547891639
0.6877090228694579
0.6909091137016119
0.6960054331926199
0.6941602872068031
0.6959529976887677
0.7017967058434502
0.704781880125021
0.7051519270452693
0.7049148525229717
0.7048463331666933
0.7145785029594365
0.7099353138518865
0.7176144037731341
0.7136446451019328
0.7154460003108654
0.7151442939421202
0.7216929612822578
0.7243744193094246
0.7195558493365141
0.7230338531761268
0.7223732444519677