2.38151559644732
1.9247369184966916
1.7797417463349903
1.7597732800097505
1.6870917663799496
1.603522940844047
1.6634750590365157
1.6043821646456133
1.5350927866873194
1.5839299075623863
1.5260834008455277
1.4764691773107497
1.4143855147442574
1.4228337417046228
1.422028754154841
1.373679863194288
1.3829438480837593
1.4141256740270567
1.3396636247634888
1.3503337081136375
1.316983487870958
1.3308134078979492
1.3170281798899675
1.3232375794098157
1.313937978406923
1.2841033453742663
1.3029544939917903
1.2901945998271307
1.2831678196915195
1.2519134848545759
1.2587030730286584
1.2405083608036198
1.251437899393913
1.2336639451165485
1.222848352577005
1.2280760988837383
1.2376543004666605
1.2338322720527648
1.2367225472004182
1.1902359642328755
1.2167272242177434
1.182714698744602
1.19610777264056
1.1956214839670838
1.1981837133399578
1.1830751403518345
1.1530078139305115
1.1787900790572166
1.1774678584957912
1.188296152995183