0.2444250559882413
0.3800524610361552
0.44243330948100346
0.476142270484369
0.49079876651154736
0.5205720138524708
0.538577244302999
0.5614953438237819
0.569788774746309
0.5802281226280973
0.5909420208119233
0.6075706493396056
0.6219716524873852
0.6228929010239049
0.6305729575371979
0.6413410293053251
0.6408871891603565
0.6548931675638583
0.652163693587214
0.6572295124217246
0.6675315933438817
0.6646367201062169
0.6695909012870479
0.6801747745912124
0.6779783193918812
0.6838921243488836
0.6910506056349521
0.6928676853165527
0.6918542935836693
0.6983483123672789
0.6936629090640346
0.6936210127031627
0.6965503594124323
0.7031061848112676
0.7033121497949214
0.6996926444380379
0.7167272719436666
0.7195241166693948
0.7197347981062796
0.7203295177633479
0.7221312073601122
0.7252157899588615
0.7236211639731643
0.729495446151658
0.7294903729544326
0.7319929534877521
0.7312735693923803
0.7315410969732493
0.7352949355075548
0.738928544602426