2.362195501771084
1.9456703977452383
1.7649119593880394
1.72141010420663
1.735770286502926
1.6489226447569358
1.6285402005369014
1.534266430447359
1.529541399191927
1.506014733807022
1.4973738282787643
1.4382742061043665
1.3945807685500466
1.428690026018107
1.3923446848788068
1.3648185511784894
1.377098000711865
1.3169344591873664
1.3465847630392422
1.3554053377343096
1.3143167725396812
1.3475941950028096
1.3080192246220328
1.282567922655306
1.295450336933136
1.2804475170454828
1.2649585257877003
1.253089531714266
1.2716021150350572
1.2387375261815108
1.2747823295292553
1.2751291883156597
1.2729742382097682
1.2544145030233096
1.2629450964373212
1.2776363513299398
1.1781404355057963
1.171775598776395
1.191590442107274
1.1831228187151044
1.1807139056759912
1.1618076430739097
1.1726519231860701
1.1646512495562635
1.148475258736997
1.1405914568026132
1.1313378028056589
1.1538856717673216
1.1246500551700591
1.125218412253709