2.3890346716611814
1.9172927696826094
1.7408498701502064
1.8064017838665418
1.693722239061564
1.6538653758264357
1.6272985221909695
1.5640309209408967
1.5670573701292783
1.5033741919890693
1.4817184986070144
1.4535678655159574
1.3887452608397026
1.405658178288361
1.4257920351028441
1.3981453114085727
1.3837470705226316
1.3346493335093481
1.3483904629457193
1.3491811594687217
1.2876717378695806
1.3522244691848755
1.284109555306982
1.277038149597231
1.27701690769571
1.2839619192650649
1.246695143277528
1.2315474367532573
1.2667318572763537
1.2463957219160804
1.2681801670020627
1.2640708304252946
1.243362254401048
1.239124123464551
1.1620171080287705
1.1384419136577182
1.129195837651269
1.1349194571991597
1.142466805330137
1.1340371781382068
1.1360236641860777
1.1214736245180432
1.1286365380210261
1.1099954328536987
1.1021668608150175
1.0969931041200955
1.0911589670581978
1.1138441621280106
1.0883658303589117
1.0788788818754256