0.24355447134122707
0.3765187833698465
0.4458337891280634
0.46312377246070896
0.49414360100735893
0.5191347236549844
0.5342499310242976
0.5552120010145335
0.5628594815403867
0.577227702562417
0.5924455458199268
0.6019616360826272
0.6197642776696562
0.623251277591585
0.6232834136018919
0.6348429110098435
0.6377979968261855
0.6485016574510495
0.6522698194176104
0.654969937342961
0.6691730808390427
0.6626011346175378
0.6722243961194634
0.6809497341337852
0.6797454712943275
0.6807094439115174
0.6905841118039164
0.6933995422815457
0.6883006774842974
0.6952198746805679
0.6910369928594089
0.6934145881522382
0.6987030926200343
0.7021134629787067
0.7151512771118765
0.7179886285920012
0.7207066257035818
0.7214670009366193
0.7234712135916183
0.7230835970634961
0.7247411362600327
0.7275870621313093
0.7270129963868531
0.7307336989992355
0.7302598471857081
0.7321613096868098
0.7324851987027389
0.7327643339972661
0.7324607374753173
0.7389350331304947