0.232367258390458
0.36525647495283725
0.437237532669764
0.4653408600098552
0.49000104722085036
0.5065943956060466
0.5263055701911817
0.550341941424354
0.566745477535348
0.5748523036553618
0.5956628430946452
0.6060491522835785
0.616270632812016
0.6216598516786295
0.6328810113246995
0.6371484087522964
0.6401687761614154
0.6392787626958779
0.6571685720407513
0.6593297296861066
0.6578911567725279
0.6706211949076607
0.6667147784028753
0.6751031284392207
0.6776014036356731
0.6822195961314246
0.6921908382692148
0.690230380333666
0.6962214663355042
0.690121790661379
0.6986730725031339
0.6965398450857636
0.6987268823894146
0.7063246032697547
0.7058026422975571
0.7042515063416658
0.7085889117890775
0.7122102693848853
0.7102899321750985
0.7136855941244481
0.7137140685189626
0.7164326647540777
0.7205262412963297
0.7223577247023064
0.7153242473573508
0.7168981421315803
0.7198309661105216
0.724512892980249
0.7269449286146714
0.7263780137876147