2.4128207588583472
1.9394322817142193
1.7862059621729403
1.7678716336527178
1.7097450859290508
1.705518149147349
1.664659583568573
1.5527235630179654
1.5603877404504571
1.5425498643197304
1.468414516772254
1.4344419181346892
1.4263639021338077
1.422676928772414
1.3803243066510584
1.374958567503022
1.3791789111741093
1.4216901513396716
1.299551609158516
1.3174764388485958
1.3351659658478527
1.2961998601428797
1.316810632363344
1.297336070263972
1.2710437401481296
1.2678384984411843
1.2252279843125389
1.253875259695382
1.2245894097906398
1.2698456995627458
1.2182434037723373
1.234143599990971
1.2294821535420215
1.2052977285601876
1.2070454847196053
1.2341814684489416
1.2141350761055947
1.1981254073522858
1.2195328785254893
1.1913380918339787
1.1972812896189482
1.19017965005616
1.1733668608180547
1.173900619544814
1.1990950249490284
1.200123489403925
1.191897843853902
1.1717656933743021
1.1610772077702294
1.1567201491059929