2.3733999596701727
1.9156539642204673
1.7830053812167683
1.731344796717167
1.738358194086732
1.6389083698872597
1.630251432051424
1.5949742835500966
1.5394211371066207
1.5009664120881454
1.4979899271514066
1.454156873606834
1.3941630094993014
1.4039112545292953
1.4087227773666382
1.3746902441221571
1.390518051082805
1.3416480088638048
1.3289725545976983
1.3479867897743036
1.3075834915041924
1.3548887511094412
1.277591761018409
1.2857810613537624
1.283069765473914
1.2778367521317024
1.2531385548779221
1.2250982601134504
1.283006205910542
1.2476587318634802
1.2743393889357966
1.2631182570417387
1.239994004368782
1.2495887499106557
1.1750437112954946
1.1509674461114974
1.1397277748180648
1.1422226670359776
1.153852306730379
1.1460195137508984
1.1442760503099811
1.131485251481073
1.137750028121856
1.1176025123596192
1.113348655162319
1.106931416193644
1.0962371816154288
1.1168188970597064
1.0963470393516979
1.0859874673187733