0.24832353825560843
0.37659507860901803
0.4417935304865233
0.4743810653965917
0.48952616675088945
0.5205569593934253
0.5332559787381584
0.5490078547099039
0.5655603246273849
0.5762738077127129
0.5865406467135597
0.6031411281626033
0.6184115833360457
0.623896916132572
0.6236015678281894
0.6358864667105618
0.6364380823456347
0.6483028669165379
0.6557937848812521
0.6552959986302977
0.6672125105370703
0.6612438629034146
0.6734894714221948
0.6787600647619971
0.6782761849949837
0.681392760618372
0.6897532994902192
0.6942621943447727
0.6873787059759804
0.6955128044030583
0.6902359733823522
0.692256931545173
0.6981247815267698
0.7020327976375499
0.7115703511250093
0.7156173124357916
0.7190669173826155
0.7201133638746281
0.7235882622014288
0.722305820721611
0.7241236447553842
0.7244361805677669
0.7252642415631327
0.7308943203636842
0.7300594677127047
0.729453108570795
0.7320222648829748
0.7318609059092519
0.7311070512858966
0.7376753342689124