0.24419699586811108
0.3730369881858426
0.4214096837777974
0.46283198950166604
0.4873374169401308
0.516304104492419
0.5282945836820048
0.5423317322937755
0.5568307021375412
0.5703144541650375
0.5814228596287186
0.588907242164236
0.6038903999770285
0.6174731115244139
0.6153403404601917
0.6285224015286636
0.6347452566812559
0.6370987379705121
0.6540121594338247
0.648539612678809
0.6503033172492679
0.6636271536865833
0.6635699123907914
0.670608588480386
0.6733705304864372
0.674166293929743
0.6790282022647521
0.6842208217760988
0.6797944389759791
0.6866901385736986
0.6957325494848677
0.6929411733238513
0.6965495635796348
0.6961009521033216
0.6975119842582868
0.6989036877028159
0.7014166456748586
0.7082017885511802
0.7109730884162063
0.7104643880404149
0.709273472627295
0.7166289852070958
0.7101845589088049
0.7156704515694475
0.7141026930660394
0.7162004382808572
0.7198010447370468
0.7201643532817106
0.7182821129514908
0.7213143313509006