2.3857024607619617
1.938211293671075
1.8561663827976258
1.7664170449430292
1.7156129850715887
1.640831502278646
1.6246569925738918
1.609521545045744
1.5449432225550634
1.5215590397516887
1.5144520532794115
1.5100822617610297
1.4348396073307907
1.3912273974254215
1.4394623543605332
1.378630478815599
1.378299649489128
1.3865885639947557
1.3093905931661938
1.3423734704653423
1.3657459207203078
1.313381965495338
1.3145276467005411
1.29867714073347
1.2936998561394115
1.3058235741578617
1.278341846119973
1.2726231875090763
1.2976759493350982
1.2646161024853335
1.2357639939081473
1.2542664468789302
1.2365821599960327
1.2385572008464647
1.2349875965038268
1.2485702284451188
1.2441109962040378
1.2203530024706832
1.200325514793396
1.2113239366075268
1.2220708693354583
1.1936470010341742
1.2206222708263095
1.2025240732402336
1.20247912700059
1.1933104560627201
1.1851976794055386
1.1851550604476304
1.2189263197882423
1.183420690579143