2.3623029373843094
1.9368017730066331
1.8275009171437409
1.7661719110704237
1.7264891657672945
1.6758682405362364
1.639160808870348
1.6258824632949187
1.5468312582048047
1.5247553384910195
1.4700194688166601
1.51437317641055
1.4308528859039833
1.4359692815972978
1.402898635619726
1.388332971712438
1.377186511383682
1.3529447422873588
1.3710517398710174
1.341977873444557
1.3445333535301274
1.301614561651507
1.2649032333032872
1.307288404338616
1.3021890793816517
1.2954689537064503
1.2632503422295176
1.2696074528694152
1.2520353188117346
1.2852646018847946
1.2389872724811235
1.2271708168535151
1.2587445888478876
1.2348200780589407
1.234011385621143
1.2254772660185078
1.21252996524175
1.22752651037314
1.2257697727369226
1.2432312056666515
1.2485168712624048
1.2283760230403302
1.232045611066203
1.145246383190155
1.1518576416102322
1.1574853329154533
1.1254595867858446
1.129704973101616
1.147032393672602
1.1203453122091687