0.23863959631914983
0.3730609207109238
0.4215827938261325
0.45970204413858184
0.4833637298557612
0.5067494738715047
0.5299335491135442
0.5356455535363245
0.5597137123442443
0.5723024869672864
0.5919921349183928
0.5916463669758383
0.6090404668662678
0.6122291146378553
0.6245419693298457
0.628903356928628
0.6360295269338127
0.6465631421309176
0.6469020743328798
0.652386665981983
0.6536815572840944
0.6651548007804948
0.6710606364128985
0.6666167649548764
0.6694305593441009
0.6735175897737681
0.6799023655822601
0.6805724134428699
0.6858935378898384
0.684036583547469
0.6910572200117733
0.6943794922588122
0.6914769498683387
0.6941694651630984
0.695408032649191
0.6995101078323585
0.701400130981901
0.7021604097163467
0.7059151724154296
0.7049876613363496
0.7041168937337204
0.7078403759873314
0.7072828889142169
0.7229475773950665
0.7249607783938833
0.7261612094533266
0.7294680512478331
0.7317768688337684
0.7268091174564589
0.7311090553394896