2.3810398743070404
1.90184067891649
1.8137497015235837
1.7713647982305731
1.6719172761196226
1.6286443722348254
1.6440811014582968
1.6031687688409237
1.5171146900927435
1.5667891461625059
1.5266680518786113
1.4901711011337022
1.4181655281681125
1.415982833504677
1.4184626549482346
1.3702679195646512
1.3662140523565227
1.419487718708259
1.3407302607189526
1.3478756737092445
1.3160047429239647
1.3128842035929362
1.3255524895772213
1.3281259466620052
1.3099377250249407
1.2865041842063267
1.3021682702725934
1.2944994335373243
1.2831862706404467
1.2702527107336583
1.2662896728906474
1.2487468443626215
1.2624561603252704
1.2381170784306323
1.2364055014082365
1.2284175685194672
1.2481904073107628
1.2436196551322938
1.2411234138473388
1.2017804917789274
1.2268984473052145
1.1963541781316038
1.2178931060044662
1.214493379873388
1.2093882946407093
1.202662912140722
1.1715274839401244
1.2039069111148517
1.1934121970302802
1.2061600466059823