0.24858970931306562
0.37910222589048287
0.4365011570394348
0.4662938032906668
0.4997707010972329
0.5209957963836909
0.5328314030273061
0.5463248065953021
0.5717720271601194
0.5724000500404635
0.5843159902563365
0.5941518428592548
0.6112468548598092
0.6210160922492884
0.6233003844422449
0.6334516608094934
0.6391619612461253
0.6348931070310335
0.6529063013617364
0.6506181837103804
0.6613596762822637
0.661602733336748
0.661405715495082
0.6640319247002922
0.6726103066529923
0.6766011412367525
0.6750270658964326
0.6842719105913467
0.6818023301739574
0.6853505413325978
0.6887718692323053
0.6956128522794879
0.6957722643520058
0.6962148928950309
0.6999566189789909
0.7049315106533572
0.7038944040045882
0.7042884624312168
0.7046701201830249
0.7126942949623777
0.7093348620284781
0.7175677962901801
0.7126623507467009
0.7133838901230224
0.7137682339333271
0.7208279618036667
0.7217048563503704
0.7192526598777639
0.7219897050456073
0.7201220721194909