2.351923266000915
1.8858011702696482
1.8184880809783937
1.7432344176552512
1.695933601613772
1.6991118980833322
1.6577645540237427
1.5719716082016626
1.5936627765496572
1.5624345391988754
1.5015927634892925
1.5176254135947074
1.4392094964566438
1.4701570685454242
1.4450999478332134
1.373708824826102
1.3900692553843481
1.3668313433726629
1.3685617407162984
1.321577789490683
1.3294010641144924
1.310747707883517
1.3019988687019648
1.3137252697577844
1.2872138811194378
1.2877560650430075
1.3096139905727016
1.26240214880775
1.259169198384806
1.246234721046383
1.2450533001319222
1.2379325787226358
1.2732643525479204
1.250025000239982
1.2393874659620483
1.2476329309308631
1.2106349498283964
1.22576480598773
1.2344483079910278
1.2107498375778525
1.1849761839605804
1.1979283771514893
1.2054021949485196
1.2024629295356875
1.2189429081045091
1.2028575178955783
1.192677141738539
1.1430299692795056
1.1349001906134866
1.1385792139275321