0.2508144664383398
0.38237723751056824
0.4320232796249321
0.4676855864714285
0.49411931154659017
0.5084187799706008
0.5264732902218531
0.5483328819990422
0.5571387126942722
0.5664982830992045
0.585656949659366
0.5875151180776134
0.6048915210816797
0.6101261489279088
0.6158117785328935
0.6324873826578481
0.6293130540127709
0.6400364670525839
0.6455355829697003
0.654584523249767
0.6575704468657056
0.6612552934256719
0.6623761027217268
0.666792433408476
0.6723540266791275
0.6758588368986979
0.6704520204760409
0.6843847289349521
0.686416531230195
0.686037230373829
0.687611506696137
0.6944629483699992
0.6900240797717692
0.6936901801538207
0.6977219202859399
0.6953486154669862
0.7056957876155567
0.7028546362027537
0.7055288131839651
0.707611162446509
0.7141493502813034
0.713848921310596
0.7138989641251555
0.715000900506506
0.7148927588859476
0.7150821116199055
0.7149520068590662
0.7274848529027024
0.7282993686267679
0.7269361680299735